P		0001		0001		   2687.34
O		0001		0002		           raspberry		67		12.49
P		0001		0003		   2603.81
P		0001		0004		   5243.15
O		0001		0005		             avocado		79		17.75
O		0002		0006		           raspberry		12		12.49		15
P		0002		0007		   8229.22		30
O		0002		0008		             avocado		89		17.75
O		0002		0009		              banana		13		 4.99
P		0002		0010		    884.56		45
P		0002		0011		   7405.41
O		0002		0012		              banana		47		 4.99		30
O		0003		0013		               apple		64		 5.29		15
O		0003		0014		              banana		76		 4.99		10
O		0003		0015		           raspberry		22		12.49
O		0003		0016		               apple		56		 5.29
O		0003		0017		           raspberry		 9		12.49		15
O		0003		0018		              orange		89		 2.55
P		0003		0019		    934.55		35
P		0003		0020		    664.47
P		0004		0021		    975.81
O		0004		0022		              banana		87		 4.99
O		0004		0023		              orange		87		 2.55		15
O		0004		0024		           raspberry		13		12.49
O		0004		0025		             avocado		17		17.75		30
O		0004		0026		           raspberry		27		12.49		15
P		0005		0027		   9111.67
O		0005		0028		             avocado		 3		17.75		25
O		0005		0029		             avocado		25		17.75
O		0005		0030		               apple		 9		 5.29
O		0005		0031		              orange		51		 2.55		 5
O		0006		0032		               apple		14		 5.29
O		0006		0033		           raspberry		66		12.49		 5
O		0006		0034		               apple		77		 5.29
P		0006		0035		   3161.84		25
P		0006		0036		   1599.02
O		0006		0037		              orange		27		 2.55		20
O		0007		0038		              orange		78		 2.55		20
O		0007		0039		              orange		12		 2.55
O		0007		0040		              orange		94		 2.55
P		0008		0041		   9571.92		20
O		0008		0042		               apple		100		 5.29
P		0008		0043		   1627.59
P		0008		0044		   4662.74		35
O		0008		0045		             avocado		48		17.75
O		0008		0046		               apple		84		 5.29		15
O		0008		0047		              orange		71		 2.55
O		0009		0048		           raspberry		 4		12.49
P		0009		0049		   9853.24		50
P		0009		0050		   5633.46
